
Confusion matrix Next activity prediction (SEPSIS)
[[  0  25   0   0   0   0   0   0   0   0   0   0   0   0   0   0   0]
 [  0 152   0   0   0   0   1   0   0   0   0   0   0   0   0   0   0]
 [  0   0  11   1   0   0   0   2   0   0   0   0   0   0   0   0   0]
 [  0   0   0 134   0   1   0   0   0   1   0   0   0   0   0   0   0]
 [  0   0   0   4 156   1   1   0   0   0   0   0   0   0   0   0   0]
 [  0   0   0   2   1 113  57  44  26  12   0   1   0   0   0   0   0]
 [  0   0   0   4   7  29 388 106  40   9   2  31   0   0   0   0   0]
 [  0   0   0   3   9  17 157 362  28   6   2  32   0   0   0   0   0]
 [  0   0   0   4   0   1   7   0  95   0   6   1   0   0   0   0   0]
 [  0   0   0   0   0   4   3   0  32 106   0   0   0   0   0   0   0]
 [  0   1   0   0   1  14  43  36   8   4 104  14   0   0   0   0   0]
 [  0   0   0   0   0   2  52  36   0   0   1  27   0   0   0   0   0]
 [  0   0   0   1   0   2   9   2   0   0   8   1   0   0   0   0   0]
 [  0   0   0   0   0   2   6   4   0   0   0   2   0   0   0   0   0]
 [  0   0   0   0   0   0   0   1   0   0   0   0   0   0   0   0   0]
 [  0   0   0   0   0   0   2   3   0   0   0   0   0   0   0   0   0]
 [  0   0   0   0   0   0   1   0   0   0   0   0   0   0   0   0   0]]


Confusion matrix outcome prediction (SEPSIS)
[[   0  392]
 [   1 2231]]

Confusion matrix next activity prediction (PRODUCTION)
[[ 8  0  0  0  0  0  1  0  0  0  0  2  2  0  0  0  0  0  0  0  0  0  0  0  0  0  0  0]
 [ 1  0  0  1  0  0  1  0  0  1  5  2  1  2  0  0  0  0  0  0  0  6  0  4  1  0  0  0]
 [ 0  0 14  1  0  0  0  0  1  0  1  2  0  0  0  0  1  0  0  0  0  0  0  0  0  0  0  0]
 [ 0  0  0  9  0  1  0  0  0  0  0  1  0  0  0  1  0  0  0  0  0  0  0  0  0  0  0  0]
 [ 0  0  0  0  1  0  1  0  0  0  0  0  0  0  0  0  0  0  0  0  0  0  1  0  0  0  0  0]
 [ 0  0  1  0  1  7  0  0  3  1  0  1  0  0  1  1  0  0  0  0  0  0  0  1  0  0  0  0]
 [ 0  0  1  1  0  0  5  0  0  0  0  2  1  0  0  0  0  1  0  0  0  0  0  0  0  0  0  0]
 [ 2  0  0  1  0  1  1  0  1  0 11  0  0 12  1  0  1  3  0  0  0  3  5 10  0  0  0  0]
 [ 2  0  0  0  1  4  0  2  5  0  2  5  0  2  0  0  1  0  0  1  0  4  1  0  1  0  0  2]
 [ 0  0  0  0  0  0  0  0  0  1  0  0  0  0  0  1  0  0  0  0  0  0  0  0  0  0  0  0]
 [ 0  0  0  0  0  1  0  0  0  0 39  0  0  0  0  0  0  0  0  0  0  5  0  0  0  0  0  0]
 [ 7  0  3  1  0  2  0  1  0  0  0 14  9  0  0  5  0  0  0  0  0  0  0  0  0  0  0  0]
 [ 1  0  0  0  0  2  0  0  1  0  0  7  2  0  1  1  0  0  0  1  0  0  0  0  0  0  0  0]
 [ 0  0  0  0  0  0  1  0  0  0  0  0  0 31  0  0  0  0  0  0  0  0  0  0  0  1  0  0]
 [ 0  0  0  0  0  5  0  0  2  0  0  1  0  1  2  0  0  1  0  1  0  0  0  0  0  0  0  0]
 [ 0  0  0  0  0  1  0  0  0  0  0  2  0  0  0  9  0  0  0  0  0  0  0  0  0  0  0  0]
 [ 0  0  0  0  0  0  0  0  0  0  0  0  0  0  0  0  4  0  0  0  0  0  0  0  0  0  0  0]
 [ 0  0  0  0  0  0  0  0  3  0  0  0  0  0  0  0  0 16  0  0  0  0  0  0  0  0  0  0]
 [ 0  0  0  0  0  0  0  0  0  0  0  1  0  0  0  1  0  0  0  0  0  0  0  0  0  0  0  0]
 [ 0  0  0  0  0  0  0  0  0  0  0  1  0  0  0  0  0  0  0  8  0  0  0  0  0  0  0  0]
 [ 0  0  0  0  0  0  0  0  1  0  0  1  0  0  0  0  0  0  0  3  0  0  1  1  0  0  0  0]
 [ 0  0  0  0  0  0  1  2  1  0  3  0  0  0  0  0  0  0  0  0  0 31  0  0  0  0  0  0]
 [ 0  0  0  0  0  0  0  0  0  0  0  0  0  0  0  0  0  0  0  0  0  0 15  0  0  0  0  0]
 [ 0  0  0  0  0  0  0  0  2  0  0  0  0  0  0  0  0  0  0  0  0  0  0 39  0  0  0  0]
 [ 0  0  0  1  0  1  0  0  0  0  0  1  0  0  0  0  0  0  0  0  0  0  0  0  3  0  0  0]
 [ 0  0  0  0  0  0  0  0  0  0  0  0  0  0  0  0  0  0  0  0  0  0  1  0  0  1  0  0]
 [ 0  0  0  0  0  0  0  0  0  0  0  0  0  0  0  0  0  0  0  0  0  0  0  0  0  0  2  0]
 [ 0  0  0  0  0  0  0  0  0  0  0  0  0  0  0  0  0  0  0  0  0  0  0  0  0  0  0  4]]

Confusion matrix outcome prediction (PRODUCTION)
[[123  84]
 [ 53 238]]